2 404
SIM_NMOS_0.1_ID_VG.tif<MEDICI_DATA>
V(Gate) I(Drain) 
Volts Amps/um 
-0.25 7.55203e-16 
-0.5 7.52405e-16 
-0.49 7.52494e-16 
-0.48 7.52584e-16 
-0.47 7.52675e-16 
-0.46 7.52768e-16 
-0.45 7.52862e-16 
-0.44 7.52958e-16 
-0.43 7.53055e-16 
-0.42 7.53154e-16 
-0.41 7.53255e-16 
-0.4 7.53357e-16 
-0.39 7.53462e-16 
-0.38 7.5357e-16 
-0.37 7.53679e-16 
-0.36 7.53793e-16 
-0.35 7.53907e-16 
-0.34 7.5402e-16 
-0.33 7.54138e-16 
-0.32 7.54259e-16 
-0.31 7.54383e-16 
-0.3 7.5451e-16 
-0.29 7.54641e-16 
-0.28 7.54775e-16 
-0.27 7.54914e-16 
-0.26 7.55056e-16 
-0.25 7.55203e-16 
-0.24 7.55355e-16 
-0.23 7.55511e-16 
-0.22 7.55672e-16 
-0.21 7.55839e-16 
-0.2 7.5601e-16 
-0.19 7.56188e-16 
-0.18 7.56371e-16 
-0.17 7.56559e-16 
-0.16 7.56754e-16 
-0.15 7.56954e-16 
-0.14 7.57161e-16 
-0.13 7.57373e-16 
-0.12 7.57591e-16 
-0.11 7.57815e-16 
-0.1 7.58043e-16 
-0.09 7.58278e-16 
-0.08 7.58517e-16 
-0.07 7.58761e-16 
-0.06 7.5901e-16 
-0.05 7.59264e-16 
-0.04 7.59522e-16 
-0.03 7.59784e-16 
-0.02 7.60051e-16 
-0.01 7.60321e-16 
0 7.60597e-16 
0.01 7.60876e-16 
0.02 7.61159e-16 
0.03 7.61448e-16 
0.04 7.6174e-16 
0.05 7.62038e-16 
0.06 7.62341e-16 
0.07 7.6265e-16 
0.08 7.62964e-16 
0.09 7.63285e-16 
0.1 7.63612e-16 
0.11 7.63948e-16 
0.12 7.64291e-16 
0.13 7.64644e-16 
0.14 7.65006e-16 
0.15 7.6538e-16 
0.16 7.65766e-16 
0.17 7.66166e-16 
0.18 7.66581e-16 
0.19 7.67014e-16 
0.2 7.67466e-16 
0.21 7.6794e-16 
0.22 7.68438e-16 
0.23 7.68965e-16 
0.24 7.69523e-16 
0.25 7.70118e-16 
0.26 7.70754e-16 
0.27 7.71438e-16 
0.28 7.72176e-16 
0.29 7.72978e-16 
0.3 7.73854e-16 
0.31 7.74818e-16 
0.32 7.75887e-16 
0.33 7.77081e-16 
0.34 7.78428e-16 
0.35 7.79964e-16 
0.36 7.81732e-16 
0.37 7.83791e-16 
0.38 7.86218e-16 
0.39 7.89114e-16 
0.4 7.92612e-16 
0.41 7.96891e-16 
0.42 8.02192e-16 
0.43 8.08835e-16 
0.44 8.17254e-16 
0.45 8.28025e-16 
0.46 8.41922e-16 
0.47 8.59976e-16 
0.48 8.83563e-16 
0.49 9.14513e-16 
0.5 9.55266e-16 
0.51 1.00907e-15 
0.52 1.08027e-15 
0.53 1.17462e-15 
0.54 1.29983e-15 
0.55 1.46618e-15 
0.56 1.68738e-15 
0.57 1.98172e-15 
0.58 2.37368e-15 
0.59 2.89593e-15 
0.6 3.59216e-15 
0.61 4.5208e-15 
0.62 5.76005e-15 
0.63 7.41456e-15 
0.64 9.62452e-15 
0.65 1.25777e-14 
0.66 1.6526e-14 
0.67 2.1807e-14 
0.68 2.88738e-14 
0.69 3.83347e-14 
0.7 5.10069e-14 
0.71 6.79884e-14 
0.72 9.07558e-14 
0.73 1.21295e-13 
0.74 1.62281e-13 
0.75 2.17315e-13 
0.76 2.91249e-13 
0.77 3.90628e-13 
0.78 5.24278e-13 
0.79 7.04117e-13 
0.8 9.46237e-13 
0.81 1.27239e-12 
0.82 1.71197e-12 
0.83 2.30478e-12 
0.84 3.10466e-12 
0.85 4.18455e-12 
0.86 5.64329e-12 
0.87 7.61489e-12 
0.88 1.02812e-11 
0.89 1.38889e-11 
0.9 1.87731e-11 
0.91 2.53893e-11 
0.92 3.43565e-11 
0.93 4.65169e-11 
0.94 6.30164e-11 
0.95 8.54161e-11 
0.96 1.15843e-10 
0.97 1.57197e-10 
0.98 2.13439e-10 
0.99 2.89978e-10 
1 3.94215e-10 
1.01 5.36283e-10 
1.02 7.30071e-10 
1.03 9.94623e-10 
1.04 1.35603e-09 
1.05 1.84992e-09 
1.06 2.52473e-09 
1.07 3.44556e-09 
1.08 4.69869e-09 
1.09 6.39589e-09 
1.1 8.67778e-09 
1.11 1.17149e-08 
1.12 1.5705e-08 
1.13 2.08665e-08 
1.14 2.74279e-08 
1.15 3.56147e-08 
1.16 4.56358e-08 
1.17 5.76711e-08 
1.18 7.18616e-08 
1.19 8.83023e-08 
1.2 1.07039e-07 
1.21 1.28066e-07 
1.22 1.51332e-07 
1.23 1.76747e-07 
1.24 2.04184e-07 
1.25 2.33496e-07 
1.26 2.64521e-07 
1.27 2.97091e-07 
1.28 3.31042e-07 
1.29 3.66215e-07 
1.3 4.0246e-07 
1.31 4.39643e-07 
1.32 4.77641e-07 
1.33 5.16345e-07 
1.34 5.55657e-07 
1.35 5.95493e-07 
1.36 6.35779e-07 
1.37 6.7645e-07 
1.38 7.17449e-07 
1.39 7.58728e-07 
1.4 8.00244e-07 
1.41 8.41961e-07 
1.42 8.83845e-07 
1.43 9.25868e-07 
1.44 9.68008e-07 
1.45 1.01024e-06 
1.46 1.05255e-06 
1.47 1.09492e-06 
1.48 1.13733e-06 
1.49 1.17978e-06 
1.5 1.22225e-06 
1.51 1.26474e-06 
1.52 1.30723e-06 
1.53 1.34972e-06 
1.54 1.3922e-06 
1.55 1.43467e-06 
1.56 1.47712e-06 
1.57 1.51955e-06 
1.58 1.56196e-06 
1.59 1.60435e-06 
1.6 1.64671e-06 
1.61 1.68903e-06 
1.62 1.73133e-06 
1.63 1.7736e-06 
1.64 1.81584e-06 
1.65 1.85806e-06 
1.66 1.90024e-06 
1.67 1.94239e-06 
1.68 1.98452e-06 
1.69 2.02663e-06 
1.7 2.06871e-06 
1.71 2.11078e-06 
1.72 2.15283e-06 
1.73 2.19486e-06 
1.74 2.23688e-06 
1.75 2.2789e-06 
1.76 2.32092e-06 
1.77 2.36293e-06 
1.78 2.40495e-06 
1.79 2.44698e-06 
1.8 2.48903e-06 
1.81 2.5311e-06 
1.82 2.57319e-06 
1.83 2.61531e-06 
1.84 2.65746e-06 
1.85 2.69966e-06 
1.86 2.7419e-06 
1.87 2.78419e-06 
1.88 2.82653e-06 
1.89 2.86893e-06 
1.9 2.9114e-06 
1.91 2.95394e-06 
1.92 2.99655e-06 
1.93 3.03924e-06 
1.94 3.08201e-06 
1.95 3.12486e-06 
1.96 3.1678e-06 
1.97 3.21082e-06 
1.98 3.25394e-06 
1.99 3.29715e-06 
2 3.34045e-06 
2.01 3.38384e-06 
2.02 3.42733e-06 
2.03 3.47091e-06 
2.04 3.51459e-06 
2.05 3.55835e-06 
2.06 3.6022e-06 
2.07 3.64615e-06 
2.08 3.69018e-06 
2.09 3.73429e-06 
2.1 3.77848e-06 
2.11 3.82276e-06 
2.12 3.8671e-06 
2.13 3.91152e-06 
2.14 3.95601e-06 
2.15 4.00057e-06 
2.16 4.04519e-06 
2.17 4.08986e-06 
2.18 4.13459e-06 
2.19 4.17938e-06 
2.2 4.22421e-06 
2.21 4.26908e-06 
2.22 4.314e-06 
2.23 4.35895e-06 
2.24 4.40394e-06 
2.25 4.44896e-06 
2.26 4.49401e-06 
2.27 4.53908e-06 
2.28 4.58418e-06 
2.29 4.62929e-06 
2.3 4.67442e-06 
2.31 4.71956e-06 
2.32 4.76471e-06 
2.33 4.80987e-06 
2.34 4.85504e-06 
2.35 4.90021e-06 
2.36 4.94538e-06 
2.37 4.99054e-06 
2.38 5.03571e-06 
2.39 5.08086e-06 
2.4 5.12601e-06 
2.41 5.17115e-06 
2.42 5.21627e-06 
2.43 5.26139e-06 
2.44 5.30649e-06 
2.45 5.35157e-06 
2.46 5.39663e-06 
2.47 5.44167e-06 
2.48 5.48669e-06 
2.49 5.53169e-06 
2.5 5.57666e-06 
2.51 5.62161e-06 
2.52 5.66653e-06 
2.53 5.71143e-06 
2.54 5.75629e-06 
2.55 5.80113e-06 
2.56 5.84593e-06 
2.57 5.89071e-06 
2.58 5.93545e-06 
2.59 5.98015e-06 
2.6 6.02483e-06 
2.61 6.06946e-06 
2.62 6.11407e-06 
2.63 6.15863e-06 
2.64 6.20316e-06 
2.65 6.24765e-06 
2.66 6.2921e-06 
2.67 6.33652e-06 
2.68 6.38089e-06 
2.69 6.42522e-06 
2.7 6.46951e-06 
2.71 6.51377e-06 
2.72 6.55797e-06 
2.73 6.60214e-06 
2.74 6.64627e-06 
2.75 6.69035e-06 
2.76 6.73439e-06 
2.77 6.77838e-06 
2.78 6.82233e-06 
2.79 6.86624e-06 
2.8 6.9101e-06 
2.81 6.95392e-06 
2.82 6.99769e-06 
2.83 7.04142e-06 
2.84 7.0851e-06 
2.85 7.12873e-06 
2.86 7.17232e-06 
2.87 7.21587e-06 
2.88 7.25936e-06 
2.89 7.30281e-06 
2.9 7.34621e-06 
2.91 7.38957e-06 
2.92 7.43287e-06 
2.93 7.47613e-06 
2.94 7.51935e-06 
2.95 7.56251e-06 
2.96 7.60563e-06 
2.97 7.64869e-06 
2.98 7.69171e-06 
2.99 7.73469e-06 
3 7.77761e-06 
3.01 7.82049e-06 
3.02 7.86331e-06 
3.03 7.90609e-06 
3.04 7.94882e-06 
3.05 7.9915e-06 
3.06 8.03413e-06 
3.07 8.07671e-06 
3.08 8.11925e-06 
3.09 8.16173e-06 
3.1 8.20417e-06 
3.11 8.24656e-06 
3.12 8.28889e-06 
3.13 8.33118e-06 
3.14 8.37342e-06 
3.15 8.41561e-06 
3.16 8.45775e-06 
3.17 8.49984e-06 
3.18 8.54189e-06 
3.19 8.58388e-06 
3.2 8.62582e-06 
3.21 8.66772e-06 
3.22 8.70956e-06 
3.23 8.75136e-06 
3.24 8.7931e-06 
3.25 8.8348e-06 
3.26 8.87645e-06 
3.27 8.91805e-06 
3.28 8.9596e-06 
3.29 9.0011e-06 
3.3 9.04255e-06 
3.31 9.08395e-06 
3.32 9.1253e-06 
3.33 9.1666e-06 
3.34 9.20786e-06 
3.35 9.24906e-06 
3.36 9.29022e-06 
3.37 9.33132e-06 
3.38 9.37238e-06 
3.39 9.41339e-06 
3.4 9.45435e-06 
3.41 9.49525e-06 
3.42 9.53612e-06 
3.43 9.57693e-06 
3.44 9.61769e-06 
3.45 9.6584e-06 
3.46 9.69907e-06 
3.47 9.73968e-06 
3.48 9.78025e-06 
3.49 9.82077e-06 
3.5 9.86124e-06 
1 1 
2 2 
