SIM_PMOS_0.1_ID_VG.tif<MEDICI_DATA>
V(Gate) I(Drain) 
Volts Amps/um 
2 -6.24213e-07 
1.96 -6.24744e-07 
1.92 -6.25288e-07 
1.88 -6.25846e-07 
1.84 -6.2642e-07 
1.8 -6.27015e-07 
1.76 -6.27632e-07 
1.72 -6.28277e-07 
1.68 -6.28955e-07 
1.64 -6.29675e-07 
1.6 -6.30446e-07 
1.56 -6.31278e-07 
1.52 -6.32182e-07 
1.48 -6.33167e-07 
1.44 -6.34235e-07 
1.4 -6.35379e-07 
1.36 -6.36582e-07 
1.32 -6.37827e-07 
1.28 -6.39097e-07 
1.24 -6.40378e-07 
1.2 -6.41659e-07 
1.16 -6.42928e-07 
1.12 -6.44173e-07 
1.08 -6.45376e-07 
1.04 -6.46518e-07 
1 -6.47588e-07 
0.96 -6.48581e-07 
0.92 -6.49506e-07 
0.88 -6.50374e-07 
0.84 -6.51201e-07 
0.8 -6.52e-07 
0.76 -6.5278e-07 
0.72 -6.53551e-07 
0.68 -6.54322e-07 
0.64 -6.55102e-07 
0.6 -6.55897e-07 
0.56 -6.56718e-07 
0.52 -6.57575e-07 
0.48 -6.5848e-07 
0.44 -6.59443e-07 
0.4 -6.60485e-07 
0.36 -6.61631e-07 
0.32 -6.6291e-07 
0.28 -6.64348e-07 
0.24 -6.65963e-07 
0.2 -6.67754e-07 
0.16 -6.69705e-07 
0.12 -6.71796e-07 
0.08 -6.74022e-07 
0.04 -6.76395e-07 
0 -6.78954e-07 
-0.04 -6.81764e-07 
-0.08 -6.84903e-07 
-0.12 -6.88533e-07 
-0.16 -6.92796e-07 
-0.2 -6.97804e-07 
-0.24 -7.03599e-07 
-0.28 -7.0999e-07 
-0.32 -7.16833e-07 
-0.36 -7.24064e-07 
-0.4 -7.3166e-07 
-0.44 -7.39648e-07 
-0.48 -7.48077e-07 
-0.52 -7.56996e-07 
-0.56 -7.66443e-07 
-0.6 -7.76477e-07 
-0.64 -7.87212e-07 
-0.68 -7.98778e-07 
-0.72 -8.11407e-07 
-0.76 -8.25297e-07 
-0.8 -8.40732e-07 
-0.84 -8.58307e-07 
-0.88 -8.79195e-07 
-0.92 -9.0563e-07 
-0.96 -9.40649e-07 
-1 -9.85883e-07 
-1.04 -1.03982e-06 
-1.08 -1.09913e-06 
-1.12 -1.16082e-06 
-1.16 -1.22302e-06 
-1.2 -1.28479e-06 
-1.24 -1.34565e-06 
-1.28 -1.4054e-06 
-1.32 -1.46395e-06 
-1.36 -1.52132e-06 
-1.4 -1.57753e-06 
-1.44 -1.63261e-06 
-1.48 -1.6866e-06 
-1.52 -1.73959e-06 
-1.56 -1.79165e-06 
-1.6 -1.84284e-06 
-1.64 -1.89325e-06 
-1.68 -1.94294e-06 
-1.72 -1.99201e-06 
-1.76 -2.04055e-06 
-1.8 -2.08867e-06 
-1.84 -2.13646e-06 
-1.88 -2.18406e-06 
-1.92 -2.23156e-06 
-1.96 -2.27906e-06 
-2 -2.32661e-06 
-2.04 -2.37426e-06 
-2.08 -2.42201e-06 
-2.12 -2.46982e-06 
-2.16 -2.51766e-06 
-2.2 -2.56548e-06 
-2.24 -2.61321e-06 
-2.28 -2.66081e-06 
-2.32 -2.70823e-06 
-2.36 -2.75544e-06 
-2.4 -2.80239e-06 
-2.44 -2.84906e-06 
-2.48 -2.89543e-06 
-2.52 -2.94148e-06 
-2.56 -2.98721e-06 
-2.6 -3.03259e-06 
-2.64 -3.07763e-06 
-2.68 -3.12232e-06 
-2.72 -3.16665e-06 
-2.76 -3.21064e-06 
-2.8 -3.25427e-06 
-2.84 -3.29755e-06 
-2.88 -3.34048e-06 
-2.92 -3.38307e-06 
-2.96 -3.42531e-06 
-3 -3.46722e-06 
-3.04 -3.50879e-06 
-3.08 -3.55004e-06 
-3.12 -3.59095e-06 
-3.16 -3.63155e-06 
-3.2 -3.67183e-06 
-3.24 -3.7118e-06 
-3.28 -3.75145e-06 
-3.32 -3.79081e-06 
-3.36 -3.82987e-06 
-3.4 -3.86863e-06 
-3.44 -3.9071e-06 
-3.48 -3.94528e-06 
-3.52 -3.98318e-06 
-3.56 -4.02081e-06 
-3.6 -4.05816e-06 
-3.64 -4.09525e-06 
-3.68 -4.13206e-06 
-3.72 -4.16862e-06 
-3.76 -4.20492e-06 
-3.8 -4.24096e-06 
-3.84 -4.27675e-06 
-3.88 -4.3123e-06 
-3.92 -4.3476e-06 
-3.96 -4.38266e-06 
-4 -4.41749e-06 
-4.04 -4.45208e-06 
-4.08 -4.48641e-06 
-4.12 -4.52046e-06 
-4.16 -4.55429e-06 
-4.2 -4.58781e-06 
-4.24 -4.62109e-06 
-4.28 -4.65415e-06 
-4.32 -4.68699e-06 
-4.36 -4.71961e-06 
-4.4 -4.75203e-06 
-4.44 -4.78424e-06 
-4.48 -4.81623e-06 
-4.52 -4.84803e-06 
-4.56 -4.87962e-06 
-4.6 -4.91101e-06 
-4.64 -4.9422e-06 
-4.68 -4.9732e-06 
-4.72 -5.00401e-06 
-4.76 -5.03462e-06 
-4.8 -5.06505e-06 
-4.84 -5.09528e-06 
-4.88 -5.12534e-06 
-4.92 -5.15521e-06 
-4.96 -5.1849e-06 
-5 -5.21441e-06 
-5.04 -5.24374e-06 
-5.08 -5.2729e-06 
-5.12 -5.30188e-06 
-5.16 -5.33069e-06 
-5.2 -5.35933e-06 
-5.24 -5.38781e-06 
-5.28 -5.41611e-06 
-5.32 -5.44425e-06 
-5.36 -5.47223e-06 
-5.4 -5.50004e-06 
-5.44 -5.5277e-06 
-5.48 -5.55519e-06 
-5.52 -5.58253e-06 
-5.56 -5.60971e-06 
-5.6 -5.63674e-06 
-5.64 -5.66361e-06 
-5.68 -5.69033e-06 
-5.72 -5.7169e-06 
-5.76 -5.74332e-06 
-5.8 -5.7696e-06 
-5.84 -5.79572e-06 
-5.88 -5.8217e-06 
-5.92 -5.84754e-06 
-5.96 -5.87323e-06 
-6 -5.89878e-06 
1 1 
2 2 
